Stu.shapetorch.Size([512])
Tea.shapetorch.Size([512])
Stu: tensor([-10.3594, -12.2812,  -9.6797,  -6.9570,  -8.0625,  -7.3398,  -8.2500,
        -11.0703,  -8.5703, -11.7812,  -9.7344, -11.5469,  -5.0312,  -5.7148,
        -10.0312,  -9.6641,  -6.6484,  -7.0938,  -7.5898,  -8.7656, -11.9453,
        -10.8203,  -6.8984, -11.1875, -12.7656,  -8.8750,  -8.5000,  -9.4609,
         -6.9453, -11.1562, -10.5547,  -6.8359,  -7.4766, -12.2969, -12.1953,
         -8.2422,  -6.8047,  -8.5859, -13.3125, -11.8672, -10.5625,  -9.9297,
         -9.6719,  -8.8828, -15.1172,  -9.5859, -10.5625, -11.2109, -15.4141,
         -7.4180, -11.0000, -11.7500,  -8.7422,  -6.9805,  -9.1562, -10.3906,
        -14.0781, -11.7422, -14.4766, -15.2969, -14.4062, -12.2422, -13.7188,
        -15.6172, -12.4688, -13.6953, -11.6016,  -9.2188, -11.3516, -14.4688,
         -8.2109, -12.3516, -11.0859, -10.1719,  -9.8281, -14.3125,  -5.3047,
        -11.7578, -11.6484, -10.3359,  -5.9648,  -5.6289,  -7.7148, -10.1797,
         -8.8750, -12.7031, -11.5938, -11.0000,  -5.8164,  -9.2969,  -7.7461,
        -12.1328, -10.6328,  -6.9688,  -8.9609, -12.8906,  -9.2656,  -9.5312,
         -9.3438,  -8.1875, -12.2422, -11.1719,  -8.0938, -10.9844, -12.7109,
        -13.7344,  -7.2969,  -9.2578, -13.6328, -12.2031, -11.2266, -12.4453,
        -13.6797, -11.9688, -13.3828,  -9.1484, -13.3594, -17.2344, -14.8594,
        -17.0312, -15.5547, -17.7656, -18.7188, -10.0156, -10.8125,  -4.5156,
        -12.7500,  -9.1250, -12.1641, -10.4297, -10.6953, -10.5234, -11.5234,
        -15.4609,  -6.2773, -11.5625, -10.2031,  -9.1797,  -9.8125, -10.2188,
        -10.7812,  -7.3984,  -8.7188,  -9.7344, -11.7266, -12.4688, -12.4766,
         -9.8516, -10.1172, -10.7422, -12.9453,  -8.0703,  -6.0859,  -9.2031,
        -10.2734, -12.5156, -11.9062,  -7.7891, -15.8672, -13.7812,  -3.5527,
        -12.8672, -11.6875, -10.7656,  -8.7422, -10.5312, -10.3672, -15.8672,
        -13.3125, -10.2266,  -9.9766, -12.9062,  -6.4531, -14.9062, -13.7969,
        -12.4844, -11.4141, -12.4297, -13.9844, -15.8984, -18.7031, -16.8281,
        -15.2266, -16.0625, -23.4531, -16.2812,  -5.4023, -14.6719,  -7.0664,
        -10.5156,  -9.3281,  -5.1641,  -6.3945,  -4.4375,  -8.1406, -13.0312,
         -6.9414,  -7.8242,  -8.2656, -13.4844,  -6.5000,  -8.2734, -16.9062,
         -8.1250, -16.9062,  -7.7227, -16.9062,  -5.3750,  -6.3672, -16.9062,
         -6.0742, -16.9062,  -2.5000,  -2.7520,  -0.9390, -16.4844, -16.5781,
         -9.8594,  -9.3516, -14.1172, -16.5938, -13.9844,  -9.5625, -16.3594,
         -7.9023, -14.4609,  -6.7812, -10.3672, -13.9844, -11.8047,  -8.4922,
        -11.6875, -15.1250, -16.4844, -13.2891, -16.5781, -11.8594, -13.8359,
        -12.8359, -13.2344,  -9.7500,  -9.6016,  -9.5938,  -9.0391, -15.9219,
        -15.7031, -15.7500, -16.2656, -16.3906, -16.0156, -15.8750, -16.5625,
        -16.2500, -16.2188, -16.2031, -14.9062,  -5.7734,  -5.7500, -13.5234,
        -11.6875, -12.5000, -13.0078,  -9.6094, -12.4922,  -7.6367,  -8.1406,
        -10.2500, -13.1562, -11.3828,  -9.2344,  -9.7891,  -3.5996,  -6.8359,
         -8.8438,  -7.8555,  -8.8359,  -8.7344, -13.3438,  -6.5898, -13.2656,
          0.9805,  -3.7363,  -5.9297,  -6.9219,  -5.8438, -10.2031,  -5.1641,
         -6.9609,  -9.1094, -13.3594, -11.7422, -10.3516, -12.3203,  -9.3516,
        -11.5859, -12.1094,  -8.9219,  -9.5625,  -9.5391, -11.8203, -10.0391,
        -15.3594, -15.9453, -12.5078, -13.4766, -13.4609, -13.7656, -12.4688,
        -12.8750, -13.2578, -13.5391, -14.2109, -14.0703,  -9.8594, -12.5391,
        -16.5156, -12.9062, -12.8125,  -8.8984,  -9.6250,  -6.4219, -12.4375,
        -11.3672, -10.1406,  -9.6875,  -8.7734,  -9.2422, -11.9609,  -7.9297,
         -9.6406, -18.2500,  -7.1875,  -6.5430,  -3.2168, -12.4297,  -6.1094,
         -6.0547,  -8.8828, -10.8906,  -8.3438, -10.3047,  -9.4766,  -7.4180,
         -8.7656, -12.2188,  -9.9688, -18.2500, -12.0078, -10.3594,  -9.3672,
        -12.4219, -11.7266, -12.1016, -16.5781,  -8.5156, -16.1406, -11.6484,
        -12.5859, -14.6406, -10.0234, -10.4766, -18.2500, -13.8750, -12.8906,
        -12.6328, -17.8750, -17.4375,  -9.3672, -15.7734, -16.1406,  -6.1289,
        -17.1250, -17.0312, -17.6875, -18.5469, -19.2812, -18.5000, -17.0781,
        -19.2188, -14.9766, -14.9688, -14.9922,  -9.8828,  -4.5117,  -6.1094,
         -9.9219,  -7.0352,  -9.2500,  -9.5469, -11.0469, -12.1719,  -6.5977,
        -11.3906, -13.6484, -10.3594, -10.9062,  -7.4102,  -7.0781,  -8.8750,
         -5.5664,  -8.9297, -10.3438,  -8.3281,  -6.1719,  -7.6523, -10.5469,
         -7.8711,  -9.9453,  -8.5312,  -9.1406, -11.2266, -10.6406, -17.0000,
        -13.4375, -10.7969, -12.0156, -10.8906, -11.0469,  -9.4062,  -5.5820,
         -8.2969,  -6.7617,  -7.5586, -11.1406,  -8.2578, -12.2109, -11.3594,
         -9.5469, -11.3047,  -4.5508, -14.4453, -14.2188,  -8.3359, -12.7656,
        -10.5859, -16.2656,  -8.8984, -14.6250,  -6.2148,  -5.5000,  -5.1172,
        -14.2734,  -6.1914,  -8.2578,  -6.2617,  -8.7188, -13.0078, -10.5391,
         -9.5781,  -7.3555, -14.0938, -10.5234,  -7.8086,  -9.3438, -15.5781,
         -8.7422,  -7.0156,  -8.0938,  -7.8477,  -7.3164,  -4.2305,  -4.6289,
         -5.3359,  -4.9453,  -6.4141,  -8.9766, -12.1094,  -6.1289,  -5.5117,
        -12.4453,  -8.7422,  -7.8594,  -7.5625,  -7.7266,  -8.7344, -16.2031,
         -4.7422,  -7.7422,  -4.9414,  -7.9453,  -9.7656,  -7.9219, -13.0625,
        -14.7891,  -5.7422,  -3.9121,  -1.7031,  -5.4883,  -7.5078, -10.9141,
         -8.2422,  -6.1523,  -5.6875,  -8.3203,  -7.3672,  -5.4414,  -9.4844,
         -9.2422,  -6.3398, -11.5312, -11.1016,  -5.0039,  -1.5918,  -5.1953,
        -14.0000,  -7.2070,  -7.1641,  -5.6914,  -6.1094, -10.4375,  -8.8359,
         -2.3691], device='cuda:2', dtype=torch.float16,
       grad_fn=<IndexBackward0>)
Teacher: tensor([3.2496e-04, 1.5497e-06, 5.3048e-05, 1.0729e-06, 2.8610e-06, 1.1921e-07,
        5.9009e-06, 4.1723e-07, 3.8147e-06, 2.5094e-05, 5.3644e-07, 6.2370e-04,
        7.6592e-05, 8.9407e-07, 2.2650e-05, 2.0862e-06, 4.4107e-06, 3.8207e-05,
        4.0054e-05, 4.0531e-06, 7.5102e-06, 5.5432e-06, 8.6427e-06, 1.3781e-03,
        5.9605e-08, 2.5690e-05, 1.1325e-05, 4.5896e-06, 7.3528e-04, 1.8239e-04,
        2.1458e-05, 5.1546e-04, 3.7498e-03, 1.9407e-04, 5.6505e-05, 5.4836e-06,
        2.0266e-06, 1.7881e-07, 1.1921e-06, 1.8477e-06, 5.1856e-06, 4.4107e-06,
        2.1315e-04, 2.3901e-05, 2.9802e-07, 1.4229e-02, 3.5763e-07, 2.5272e-05,
        4.1723e-07, 1.1921e-06, 1.3828e-05, 3.5763e-07, 5.3644e-07, 7.3910e-06,
        4.2319e-06, 1.3232e-05, 8.7619e-06, 3.0398e-06, 6.8128e-05, 1.1504e-05,
        4.5061e-05, 7.4267e-05, 3.1948e-05, 3.0458e-05, 1.4603e-05, 1.2517e-06,
        3.1018e-04, 3.0935e-05, 5.9605e-07, 6.5565e-07, 2.4438e-06, 7.7486e-07,
        4.6372e-04, 8.9407e-07, 1.0133e-06, 4.7684e-07, 3.2101e-03, 1.0729e-06,
        9.6226e-04, 6.8128e-05, 5.4646e-04, 5.3358e-04, 9.5367e-06, 1.0550e-05,
        2.1935e-05, 1.7881e-06, 2.0905e-03, 4.8339e-05, 1.1593e-04, 1.3447e-04,
        1.9670e-06, 1.9670e-05, 1.1921e-07, 5.7817e-06, 7.1526e-07, 1.1414e-04,
        2.5725e-04, 1.7679e-04, 5.5432e-06, 4.7684e-07, 5.9605e-08, 8.9407e-07,
        1.6093e-06, 1.7285e-06, 1.1325e-06, 6.8545e-06, 3.7551e-06, 1.7345e-05,
        1.3661e-04, 8.4162e-05, 1.0848e-05, 1.8477e-06, 3.0458e-05, 1.9372e-05,
        7.8678e-06, 1.3709e-05, 4.8876e-06, 1.7881e-07, 3.5763e-07, 8.3447e-07,
        1.1921e-07, 5.9605e-07, 1.7881e-07, 2.4438e-06, 2.8610e-06, 8.7814e-03,
        9.5367e-06, 7.7486e-07, 2.0862e-06, 0.0000e+00, 8.0466e-06, 2.9802e-06,
        1.1325e-06, 2.3842e-07, 2.2964e-03, 7.1526e-07, 9.5367e-07, 1.6870e-03,
        2.9325e-05, 7.6592e-05, 2.9802e-06, 5.3883e-05, 6.2132e-04, 4.1723e-07,
        1.4305e-06, 1.4997e-04, 1.3113e-05, 2.2650e-05, 3.1948e-05, 4.0710e-05,
        3.5763e-07, 4.1306e-05, 7.0429e-04, 1.7941e-05, 1.4305e-06, 1.3661e-04,
        0.0000e+00, 1.4186e-05, 5.9605e-08, 5.9605e-08, 1.1921e-07, 1.1921e-07,
        5.9605e-08, 5.9605e-08, 1.7881e-07, 3.4571e-06, 0.0000e+00, 3.6359e-06,
        0.0000e+00, 1.0729e-06, 1.3954e-02, 0.0000e+00, 1.3561e-03, 5.9605e-08,
        1.7881e-07, 2.9802e-07, 5.9605e-08, 1.3709e-06, 1.1921e-07, 5.9605e-07,
        1.1921e-07, 8.9407e-07, 0.0000e+00, 6.1393e-06, 0.0000e+00, 0.0000e+00,
        8.3447e-07, 4.1723e-07, 1.9372e-05, 1.7226e-05, 6.0618e-05, 3.4571e-06,
        1.0556e-04, 2.5129e-04, 2.2650e-06, 1.8477e-06, 3.0696e-05, 3.6359e-06,
        1.7941e-05, 7.1526e-07, 5.6088e-05, 3.3736e-05, 5.9605e-08, 2.0752e-03,
        5.9605e-08, 2.1572e-03, 5.9605e-08, 7.9691e-05, 4.0466e-02, 5.9605e-08,
        6.4880e-02, 5.9605e-08, 4.2328e-02, 3.9160e-01, 2.1482e-04, 5.9605e-08,
        5.9605e-08, 5.9605e-07, 2.3842e-07, 2.3842e-07, 5.9605e-08, 1.7643e-05,
        3.5763e-07, 5.9605e-08, 6.6042e-05, 1.7285e-06, 8.4817e-05, 1.9073e-06,
        3.9935e-06, 6.5565e-07, 1.4305e-06, 1.4305e-06, 1.1921e-07, 5.9605e-08,
        1.0133e-06, 5.9605e-08, 1.7881e-07, 2.9802e-07, 2.3842e-07, 2.9802e-07,
        1.1921e-07, 1.1921e-07, 1.1921e-07, 3.5763e-07, 1.7881e-07, 1.7881e-07,
        1.1921e-07, 5.9605e-08, 5.9605e-08, 1.1921e-07, 1.1921e-07, 5.9605e-08,
        1.1921e-07, 1.1921e-07, 1.1921e-07, 3.5763e-07, 1.5199e-05, 3.4962e-03,
        1.3113e-06, 1.5497e-06, 2.3842e-07, 2.2054e-06, 1.2517e-06, 2.1458e-06,
        2.1279e-05, 2.9981e-05, 1.2338e-05, 1.9073e-06, 1.1325e-05, 8.1348e-04,
        5.6028e-06, 1.6586e-02, 1.0723e-04, 1.2696e-05, 5.3883e-05, 1.1921e-05,
        3.1495e-04, 1.6093e-06, 1.8936e-02, 1.7881e-06, 8.0811e-01, 1.1606e-03,
        3.6719e-01, 3.4027e-03, 5.5504e-04, 1.0729e-05, 1.1654e-03, 2.1000e-03,
        1.5497e-06, 1.5497e-06, 5.9605e-08, 5.9605e-08, 1.6689e-05, 3.3112e-03,
        3.4571e-06, 8.7619e-06, 1.9073e-06, 3.1590e-06, 1.4484e-05, 3.0696e-05,
        3.3975e-06, 1.2398e-05, 2.9802e-07, 1.1921e-07, 1.6093e-06, 1.9073e-06,
        2.3842e-06, 2.7418e-06, 2.2650e-06, 1.6093e-06, 1.3113e-06, 6.5565e-07,
        7.4863e-05, 1.0133e-06, 9.8944e-06, 6.1095e-05, 5.8293e-05, 3.9160e-05,
        4.9889e-05, 3.4273e-05, 5.1856e-05, 5.2452e-06, 1.6570e-05, 2.3842e-07,
        1.3292e-05, 3.2783e-06, 2.3007e-05, 1.0729e-06, 2.5630e-06, 8.0466e-06,
        0.0000e+00, 5.3883e-05, 3.3498e-05, 2.6703e-05, 2.4676e-05, 7.4100e-04,
        1.9872e-04, 6.0201e-06, 2.3842e-07, 1.2646e-03, 4.7565e-05, 3.8574e-01,
        4.3392e-04, 9.8133e-04, 7.4673e-04, 1.0133e-06, 0.0000e+00, 5.9605e-08,
        5.9605e-08, 5.9605e-08, 1.7881e-07, 1.6689e-06, 1.1921e-07, 8.9407e-07,
        1.0133e-06, 5.9605e-08, 5.4836e-06, 4.7684e-07, 1.1921e-07, 0.0000e+00,
        0.0000e+00, 0.0000e+00, 6.5565e-07, 0.0000e+00, 0.0000e+00, 2.3842e-07,
        0.0000e+00, 5.9605e-08, 0.0000e+00, 0.0000e+00, 2.6464e-05, 5.9605e-08,
        0.0000e+00, 0.0000e+00, 0.0000e+00, 0.0000e+00, 0.0000e+00, 5.9605e-08,
        0.0000e+00, 2.9802e-07, 2.9802e-07, 2.9802e-07, 5.3048e-06, 6.9141e-06,
        3.0155e-03, 4.4584e-04, 1.8892e-03, 1.0890e-04, 2.6226e-06, 1.0133e-06,
        3.5763e-07, 7.4267e-05, 8.4817e-05, 7.5996e-05, 3.7265e-04, 9.2387e-06,
        3.4571e-06, 1.6987e-05, 1.6689e-06, 1.5438e-05, 3.7956e-03, 3.8743e-06,
        9.5367e-05, 3.4962e-03, 6.5565e-07, 4.7922e-05, 1.5843e-04, 7.1526e-07,
        6.5565e-07, 1.2517e-06, 9.5367e-07, 2.3246e-06, 1.0729e-05, 1.9670e-06,
        1.0639e-04, 8.3447e-07, 1.4722e-05, 2.0862e-06, 3.5167e-06, 1.3030e-04,
        4.7684e-06, 1.4305e-06, 2.9373e-04, 3.8743e-06, 1.9848e-05, 1.7881e-07,
        3.6359e-06, 2.3842e-07, 1.1921e-07, 6.5565e-07, 3.5763e-07, 1.1921e-07,
        2.3842e-07, 4.5776e-05, 8.4639e-06, 5.9605e-08, 5.1260e-06, 3.5763e-07,
        4.4584e-04, 4.1723e-07, 1.1867e-04, 1.1921e-06, 1.4317e-04, 9.9540e-06,
        4.1962e-05, 2.2697e-04, 2.2650e-06, 8.8215e-06, 1.1683e-05, 4.7684e-07,
        8.9407e-07, 3.5167e-06, 3.9935e-06, 5.4359e-05, 1.7881e-07, 3.1590e-06,
        3.2961e-05, 1.0133e-06, 1.7762e-05, 1.5676e-05, 5.5194e-05, 1.4091e-04,
        6.9201e-05, 3.2961e-05, 3.6407e-04, 2.8610e-06, 1.1384e-05, 1.1921e-07,
        9.8348e-06, 1.1963e-04, 2.3842e-07, 9.1791e-06, 1.9073e-06, 2.5034e-06,
        1.3947e-05, 5.9605e-08, 1.4722e-05, 7.2718e-06, 1.7881e-07, 4.7684e-07,
        1.6689e-06, 2.9802e-07, 5.9605e-08, 1.8477e-06, 4.5657e-04, 1.0312e-05,
        1.6342e-02, 8.7814e-03, 2.4152e-04, 3.9458e-05, 5.3516e-01, 1.4889e-04,
        2.5690e-05, 7.6294e-06, 6.9141e-06, 1.0192e-05, 8.8310e-04, 7.8082e-06,
        4.9472e-06, 1.9670e-05, 8.3447e-06, 1.5724e-04, 4.4580e-01, 2.3246e-06,
        6.5565e-07, 1.4324e-03, 1.1654e-03, 9.3579e-06, 3.5763e-06, 3.8207e-05,
        9.5367e-07, 1.9379e-02], device='cuda:2', dtype=torch.float16)
F.binary_cross_entropy_with_logits
